1
6.165
10.549
14.768
20.143
26.077
32.33
39.06
45.948
53.042
59.826
66.314
71.785
76.164
80.499
84.051
86.576
88.323
89.628
90.592
91.38

2
6.167
9.513
12.292
14.929
16.894000000000002
18.437
19.436999999999998
20.009
19.869
19.142
17.942
16.294
14.564
12.867
11.239
9.982000000000001
9.084
8.291
7.724
7.228

3
6.257
8.895999999999999
10.808
11.854000000000001
12.308
12.322
11.838
11.048
9.888
8.558
7.133000000000001
5.838
4.702
3.6220000000000003
2.771
2.117
1.704
1.4080000000000001
1.179
0.985

4
6.207
8.23
9.222
9.518
9.178
8.715
7.872999999999999
6.743
5.6000000000000005
4.535
3.4090000000000003
2.548
1.94
1.317
0.918
0.6709999999999999
0.49
0.375
0.29
0.22599999999999998

5
6.241
7.861
8.321000000000002
8.155
7.646999999999999
6.7780000000000005
5.795999999999999
4.822
3.7740000000000005
2.814
1.9560000000000002
1.406
1.0070000000000001
0.7100000000000001
0.46699999999999997
0.307
0.201
0.163
0.11499999999999999
0.097

6
6.254
7.369000000000001
7.489999999999999
7.007
6.229
5.247
4.376
3.4250000000000003
2.588
1.8599999999999999
1.307
0.885
0.666
0.42900000000000005
0.267
0.187
0.117
0.08
0.067
0.054

7
6.368
7.028
6.845999999999999
6.067
5.086
4.1000000000000005
3.183
2.346
1.6820000000000002
1.106
0.734
0.47200000000000003
0.371
0.209
0.125
0.076
0.045
0.036000000000000004
0.023
0.021

8
6.223999999999999
6.422999999999999
5.8389999999999995
4.811
3.933
3.096
2.3640000000000003
1.667
1.13
0.709
0.453
0.293
0.22999999999999998
0.13
0.075
0.041
0.025
0.013
0.006999999999999999
0.006999999999999999

9
6.285
5.987
5.195
4.312
3.408
2.625
1.9140000000000001
1.3379999999999999
0.9249999999999999
0.581
0.321
0.24
0.165
0.099
0.036000000000000004
0.027
0.009000000000000001
0.005
0.002
0.002

10
6.239
5.346
4.378
3.3649999999999998
2.5309999999999997
1.851
1.291
0.874
0.539
0.312
0.152
0.097
0.074
0.046
0.02
0.008
0.001
0.001
0.001
0.0

11
6.202
5.077
3.789
2.8129999999999997
2.072
1.433
0.984
0.6459999999999999
0.377
0.22100000000000003
0.125
0.06
0.047
0.031
0.013
0.006
0.001
0.0
0.0
0.0

12
6.264
4.573
3.289
2.282
1.6310000000000002
1.121
0.729
0.44799999999999995
0.22300000000000003
0.13999999999999999
0.053
0.027999999999999997
0.022000000000000002
0.016
0.006999999999999999
0.001
0.0
0.0
0.0
0.0

13
6.256
4.096
2.8289999999999997
1.8110000000000002
1.29
0.8920000000000001
0.539
0.326
0.18
0.096
0.053
0.027
0.023
0.012
0.003
0.0
0.0
0.0
0.0
0.0

14
6.242
3.428
2.152
1.37
0.8420000000000001
0.5459999999999999
0.35400000000000004
0.208
0.11800000000000001
0.064
0.029
0.015
0.006999999999999999
0.008
0.006
0.0
0.0
0.0
0.0
0.0

15
6.3
3.1460000000000004
1.6660000000000001
0.985
0.5519999999999999
0.34299999999999997
0.185
0.107
0.058
0.032
0.018000000000000002
0.008
0.013999999999999999
0.003
0.002
0.0
0.0
0.0
0.0
0.0

16
6.329
2.478
1.1159999999999999
0.5780000000000001
0.322
0.164
0.077
0.045
0.006999999999999999
0.004
0.001
0.004
0.004
0.002
0.0
0.001
0.0
0.0
0.0
0.0

