1
6.095
10.232
14.502
20.605
27.836
35.734
43.99
52.225
60.421
67.716
74.422
79.512
83.04899999999999
86.466
89.239
91.179
92.592
93.508
94.226
94.65400000000001

2
6.337
9.672
12.131
14.213999999999999
14.915000000000001
14.859
14.243
13.064
11.774999999999999
10.384
8.735999999999999
7.535
6.598999999999999
5.671
4.958
4.33
3.891
3.533
3.256
3.114

3
6.306000000000001
8.805
10.673
11.941
12.751000000000001
12.753
12.501999999999999
11.825
10.761
9.586
8.271
6.952
6.038
4.96
4.041
3.427
2.828
2.478
2.167
1.9709999999999999

4
6.244000000000001
8.595
9.802
10.191
10.018
9.44
8.616
7.562
6.197
5.032
3.7800000000000002
2.796
1.997
1.436
0.8920000000000001
0.5720000000000001
0.373
0.257
0.181
0.131

5
6.260000000000001
8.036
8.843
8.82
8.131
7.245
5.981
4.83
3.676
2.522
1.677
1.1440000000000001
0.8340000000000001
0.469
0.29
0.135
0.077
0.054
0.034999999999999996
0.022000000000000002

6
6.39
7.3260000000000005
7.222
6.517
5.546
4.657
3.698
2.835
2.1149999999999998
1.506
1.024
0.75
0.553
0.41000000000000003
0.28700000000000003
0.202
0.145
0.11299999999999999
0.106
0.083

7
6.184
7.1819999999999995
6.381
5.434
4.401999999999999
3.4000000000000004
2.587
1.8900000000000001
1.3379999999999999
0.8920000000000001
0.597
0.4
0.293
0.187
0.1
0.055999999999999994
0.034999999999999996
0.027
0.019
0.013999999999999999

8
6.193
6.558
5.933999999999999
4.797
3.8129999999999997
2.943
2.1870000000000003
1.5709999999999997
1.1039999999999999
0.728
0.47200000000000003
0.305
0.216
0.145
0.08099999999999999
0.053
0.031
0.016
0.006999999999999999
0.01

9
6.256
6.0
5.28
4.289
3.2750000000000004
2.479
1.8689999999999998
1.359
0.8909999999999999
0.6
0.395
0.21
0.165
0.097
0.037
0.017
0.009000000000000001
0.004
0.002
0.001

10
6.239999999999999
5.646
4.867
3.771
2.9579999999999997
2.165
1.5010000000000001
1.069
0.6479999999999999
0.39699999999999996
0.24
0.14300000000000002
0.097
0.063
0.029
0.008
0.006999999999999999
0.005
0.0
0.0

11
6.274
5.157
4.052
3.066
2.2030000000000003
1.546
1.0410000000000001
0.66
0.44
0.247
0.149
0.105
0.064
0.034
0.016
0.009000000000000001
0.004
0.002
0.001
0.0

12
6.187
4.191000000000001
2.926
2.051
1.428
1.005
0.675
0.464
0.27
0.161
0.098
0.06
0.049
0.019
0.011000000000000001
0.002
0.003
0.002
0.0
0.0

13
6.069999999999999
3.7769999999999997
2.5229999999999997
1.6049999999999998
1.012
0.655
0.447
0.28500000000000003
0.16199999999999998
0.11199999999999999
0.068
0.038
0.018000000000000002
0.013
0.008
0.002
0.001
0.0
0.0
0.0

14
6.326
3.4099999999999997
2.02
1.1769999999999998
0.8019999999999999
0.518
0.309
0.188
0.10300000000000001
0.062
0.034
0.026
0.011000000000000001
0.01
0.004
0.0
0.001
0.0
0.0
0.0

15
6.438000000000001
3.195
1.8599999999999999
1.065
0.677
0.436
0.27
0.14200000000000002
0.08499999999999999
0.045
0.033
0.02
0.015
0.015
0.004
0.004
0.001
0.001
0.0
0.0

16
6.2
2.218
0.984
0.457
0.233
0.165
0.084
0.031
0.013999999999999999
0.01
0.004
0.004
0.002
0.005
0.003
0.004
0.002
0.0
0.0
0.0

